0.0,2.3,228.59798624058476,17.99875359847237,-9.324003720808935e-05,23.75,0.0,-0.06000251416121618,-0.21172927545502893,-0.0003301144536125559,0.0,0.0,0.0
0.0,2.3,228.59798624058476,17.99875359847237,-9.324003720808935e-05,23.75,0.0,-0.06000251416121618,-0.21172927545502893,-0.0003301144536125559,0.0,0.0,0.0
0.0,2.3,234.02504860247547,18.26674894384619,0.8508213437848271,24.017370609484576,0.0,-0.11703499155641615,-0.15098789224074416,0.17559266609657836,0.0,0.0,0.0
0.0,2.3,234.02504860247547,18.26674894384619,0.8508213437848271,24.017370609484576,0.0,-0.11703499155641615,-0.15098789224074416,0.17559266609657836,0.0,0.0,0.0
0.0,2.3,239.56446414021843,18.72773927780387,1.075923705526114,24.477863586514772,0.0,-0.15116134925673938,-0.06833456529944124,0.17019904728415758,0.0,0.0,0.0
0.0,2.3,239.56446414021843,18.72773927780387,1.075923705526114,24.477863586514772,0.0,-0.15116134925673938,-0.06833456529944124,0.17019904728415758,0.0,0.0,0.0
0.0,2.3,245.2506285095027,19.239769351798355,1.135423529832642,24.98977124698103,0.0,-0.16214692052346058,-0.000580576364487233,0.12870894006447547,0.0,0.0,0.0
0.0,2.3,245.2506285095027,19.239769351798355,1.135423529832642,24.98977124698103,0.0,-0.16214692052346058,-0.000580576364487233,0.12870894006447547,0.0,0.0,0.0
0.0,1.7,251.09263593463047,19.765290845749735,1.1511520652083485,22.326076438575246,0.0,-0.15556702575556078,0.04644236264195848,0.08457966883830391,0.0,0.0,0.0
0.0,1.7,251.09263593463047,19.765290845749735,1.1511520652083485,22.326076438575246,0.0,-0.15556702575556078,0.04644236264195848,0.08457966883830391,0.0,0.0,0.0
0.0,2.6,257.08445629276184,20.21060119980563,0.8798059460692943,20.21060119980563,0.0,-0.13509382373605838,0.0954991851259046,0.09791732047983509,0.0,0.0,0.0
0.0,2.6,257.08445629276184,20.21060119980563,0.8798059460692943,20.21060119980563,0.0,-0.13509382373605838,0.0954991851259046,0.09791732047983509,0.0,0.0,0.0
0.0,2.0,263.181400507372,20.41714735903818,0.2544409207937094,26.166391095479366,0.0,-0.10361286700196887,0.10965041397521354,0.001663915829743417,3.0,0.0,0.0
0.0,2.0,263.181400507372,20.41714735903818,0.2544409207937094,26.166391095479366,0.0,-0.10361286700196887,0.10965041397521354,0.001663915829743417,3.0,0.0,0.0
0.0,1.7,269.35173023952757,20.82156398560903,1.159018429829909,26.587558928717204,0.0,0.008318565326882198,0.8332735918290247,1.983130654427711,3.0,0.0,0.0
0.0,1.7,269.35173023952757,20.82156398560903,1.159018429829909,26.587558928717204,0.0,0.008318565326882198,0.8332735918290247,1.983130654427711,3.0,0.0,0.0
0.0,1.4,275.6880114157015,21.53269420633304,1.703346056078624,27.36019498402881,0.0,0.39565989751330954,1.8411156992008633,1.9333061555433062,3.0,0.0,0.0
0.0,1.4,275.6880114157015,21.53269420633304,1.703346056078624,27.36019498402881,0.0,0.39565989751330954,1.8411156992008633,1.9333061555433062,3.0,0.0,0.0
0.0,1.4,282.276005632216,22.536247674872648,2.341477405797769,24.879709661111935,0.0,1.0589541879813793,2.5890983366447005,1.0792889969130912,3.0,0.0,0.0
0.0,1.4,282.276005632216,22.536247674872648,2.341477405797769,24.879709661111935,0.0,1.0589541879813793,2.5890983366447005,1.0792889969130912,3.0,0.0,0.0
0.0,1.1,289.1433843944709,23.246605000371186,1.1740146383414871,7.282182775492945,0.0,1.836337699565859,2.4543585002260295,-0.8527885570246575,3.0,0.0,0.0
0.0,1.1,289.1433843944709,23.246605000371186,1.1740146383414871,7.282182775492945,0.0,1.836337699565859,2.4543585002260295,-0.8527885570246575,3.0,0.0,0.0
0.0,2.9,295.84529621425116,20.518278397044615,-8.55828002534811,23.050977442896627,0.0,2.4865749829899686,1.763390523352326,-1.6081398772026099,2.4865749829899686,0.0,0.0
0.0,2.9,295.84529621425116,20.518278397044615,-8.55828002534811,23.050977442896627,0.0,2.4865749829899686,1.763390523352326,-1.6081398772026099,2.4865749829899686,0.0,0.0
0.0,3.0,301.67442734973764,18.530225632246918,-2.4028420855234405,18.239339385564985,0.0,2.9339768235591133,1.1956538083831558,-1.0415453308791909,1.5,0.0,0.0
0.0,3.0,301.67442734973764,18.530225632246918,-2.4028420855234405,18.239339385564985,0.0,2.9339768235591133,1.1956538083831558,-1.0415453308791909,1.5,0.0,0.0
0.0,2.9,307.138414532804,17.93819019055765,-0.7830750191412604,20.741897235155253,0.0,3.2274704216313617,0.7109298047688544,-1.0228072710952945,0.75,0.0,0.0
0.0,2.9,307.138414532804,17.93819019055765,-0.7830750191412604,20.741897235155253,0.0,3.2274704216313617,0.7109298047688544,-1.0228072710952945,0.75,0.0,0.0
0.0,2.9,312.49784074768695,17.833162581100083,0.026909214811312494,22.997333977800412,0.0,3.3723543061909083,0.19463463048608534,-1.1168896880399237,-0.75,0.0,0.0
0.0,2.9,312.49784074768695,17.833162581100083,0.026909214811312494,22.997333977800412,0.0,3.3723543061909083,0.19463463048608534,-1.1168896880399237,-0.75,0.0,0.0
0.0,2.6,317.864561723888,17.99401130070085,0.5037950120118108,20.843508300339035,0.0,3.352424278668611,-0.402802015260049,-1.3143107565028953,-0.75,0.0,0.0
0.0,2.6,317.864561723888,17.99401130070085,0.5037950120118108,20.843508300339035,0.0,3.352424278668611,-0.402802015260049,-1.3143107565028953,-0.75,0.0,0.0
0.0,2.0,323.29282351652796,18.217340444665876,0.481295450347464,20.98867270460394,0.0,3.146256519913417,-1.037715233732554,-1.3216806967605839,-0.75,0.0,0.0
0.0,2.0,323.29282351652796,18.217340444665876,0.481295450347464,20.98867270460394,0.0,3.146256519913417,-1.037715233732554,-1.3216806967605839,-0.75,0.0,0.0
0.0,1.4,328.79289944775996,18.49001966831993,0.6425201062318743,18.49001966831993,0.0,2.7288245687886685,-1.850757891924753,-1.729015892389041,-0.75,0.0,0.0
0.0,1.4,328.79289944775996,18.49001966831993,0.6425201062318743,18.49001966831993,0.0,2.7288245687886685,-1.850757891924753,-1.729015892389041,-0.75,0.0,0.0
0.0,3.0,334.3612216084129,18.60901701452513,0.09014950470088977,18.60901701452513,0.0,2.0069251818424063,-3.1071392544388914,-2.374110982865602,0.0,0.0,0.0
0.0,3.0,334.3612216084129,18.60901701452513,0.09014950470088977,18.60901701452513,0.0,2.0069251818424063,-3.1071392544388914,-2.374110982865602,0.0,0.0,0.0
