0.0,2.1,228.59798624058476,17.99875359847237,-9.324003720808935e-05,23.75,0.0,-0.06000251416121618,-0.21172927545502893,-0.0003301144536125559,0.0,0.0,0.0
0.0,2.3,228.59798624058476,17.99875359847237,-9.324003720808935e-05,23.75,0.0,-0.06000251416121618,-0.21172927545502893,-0.0003301144536125559,0.0,0.0,0.0
0.0,2.3,228.59798624058476,17.99875359847237,-9.324003720808935e-05,23.75,0.0,-0.06000251416121618,-0.21172927545502893,-0.0003301144536125559,0.0,0.0,0.0
0.0,2.6,234.02504860247547,18.26674894384619,0.8508213437848271,24.017370609484576,0.0,-0.11703499155641615,-0.15098789224074416,0.17559266609657836,0.0,0.0,0.0
0.0,2.3,234.02504860247547,18.26674894384619,0.8508213437848271,24.017370609484576,0.0,-0.11703499155641615,-0.15098789224074416,0.17559266609657836,0.0,0.0,0.0
0.0,2.3,234.02504860247547,18.26674894384619,0.8508213437848271,24.017370609484576,0.0,-0.11703499155641615,-0.15098789224074416,0.17559266609657836,0.0,0.0,0.0
0.0,2.6,239.56446414021843,18.72773927780387,1.075923705526114,24.477863586514772,0.0,-0.15116134925673938,-0.06833456529944124,0.17019904728415758,0.0,0.0,0.0
0.0,2.3,239.56446414021843,18.72773927780387,1.075923705526114,24.477863586514772,0.0,-0.15116134925673938,-0.06833456529944124,0.17019904728415758,0.0,0.0,0.0
0.0,2.3,239.56446414021843,18.72773927780387,1.075923705526114,24.477863586514772,0.0,-0.15116134925673938,-0.06833456529944124,0.17019904728415758,0.0,0.0,0.0
0.0,2.6,245.2506285095027,19.239769351798355,1.135423529832642,24.98977124698103,0.0,-0.16214692052346058,-0.000580576364487233,0.12870894006447547,0.0,0.0,0.0
0.0,2.3,245.2506285095027,19.239769351798355,1.135423529832642,24.98977124698103,0.0,-0.16214692052346058,-0.000580576364487233,0.12870894006447547,0.0,0.0,0.0
0.0,2.3,245.2506285095027,19.239769351798355,1.135423529832642,24.98977124698103,0.0,-0.16214692052346058,-0.000580576364487233,0.12870894006447547,0.0,0.0,0.0
0.0,3.0,251.09263593463047,19.765290845749735,1.1511520652083485,19.765290845749735,0.0,-0.15556702575556078,0.04644236264195848,0.08457966883830391,0.0,0.0,0.0
0.0,1.7,251.09263593463047,19.765290845749735,1.1511520652083485,22.326076438575246,0.0,-0.15556702575556078,0.04644236264195848,0.08457966883830391,0.0,0.0,0.0
0.0,1.7,251.09263593463047,19.765290845749735,1.1511520652083485,22.326076438575246,0.0,-0.15556702575556078,0.04644236264195848,0.08457966883830391,0.0,0.0,0.0
0.0,2.6,257.08445629276184,20.21060119980563,0.8798059460692943,20.21060119980563,0.0,-0.13509382373605838,0.0954991851259046,0.09791732047983509,0.0,0.0,0.0
0.0,2.6,257.08445629276184,20.21060119980563,0.8798059460692943,20.21060119980563,0.0,-0.13509382373605838,0.0954991851259046,0.09791732047983509,0.0,0.0,0.0
0.0,2.6,257.08445629276184,20.21060119980563,0.8798059460692943,20.21060119980563,0.0,-0.13509382373605838,0.0954991851259046,0.09791732047983509,0.0,0.0,0.0
0.0,2.1,263.181400507372,20.41714735903818,0.2544409207937094,26.166391095479366,0.0,-0.10361286700196887,0.10965041397521354,0.001663915829743417,3.0,0.0,0.0
0.0,2.0,263.181400507372,20.41714735903818,0.2544409207937094,26.166391095479366,0.0,-0.10361286700196887,0.10965041397521354,0.001663915829743417,3.0,0.0,0.0
0.0,2.0,263.181400507372,20.41714735903818,0.2544409207937094,26.166391095479366,0.0,-0.10361286700196887,0.10965041397521354,0.001663915829743417,3.0,0.0,0.0
0.0,1.6,269.35173023952757,20.82156398560903,1.159018429829909,26.587558928717204,0.0,0.008318565326882198,0.8332735918290247,1.983130654427711,3.0,0.0,0.0
0.0,1.7,269.35173023952757,20.82156398560903,1.159018429829909,26.587558928717204,0.0,0.008318565326882198,0.8332735918290247,1.983130654427711,3.0,0.0,0.0
0.0,1.7,269.35173023952757,20.82156398560903,1.159018429829909,26.587558928717204,0.0,0.008318565326882198,0.8332735918290247,1.983130654427711,3.0,0.0,0.0
0.0,2.1,275.6880114157015,21.53269420633304,1.703346056078624,20.520396238021608,0.0,0.39565989751330954,1.8411156992008633,1.9333061555433062,3.0,0.0,0.0
0.0,1.4,275.6880114157015,21.53269420633304,1.703346056078624,27.36019498402881,0.0,0.39565989751330954,1.8411156992008633,1.9333061555433062,3.0,0.0,0.0
0.0,1.4,275.6880114157015,21.53269420633304,1.703346056078624,27.36019498402881,0.0,0.39565989751330954,1.8411156992008633,1.9333061555433062,3.0,0.0,0.0
0.0,2.1,282.276005632216,22.536247674872648,2.341477405797769,21.325608280953087,0.0,1.0589541879813793,2.5890983366447005,1.0792889969130912,3.0,0.0,0.0
0.0,1.4,282.276005632216,22.536247674872648,2.341477405797769,24.879709661111935,0.0,1.0589541879813793,2.5890983366447005,1.0792889969130912,3.0,0.0,0.0
0.0,1.4,282.276005632216,22.536247674872648,2.341477405797769,24.879709661111935,0.0,1.0589541879813793,2.5890983366447005,1.0792889969130912,3.0,0.0,0.0
0.0,1.1,289.1433843944709,23.246605000371186,1.1740146383414871,7.282182775492945,0.0,1.836337699565859,2.4543585002260295,-0.8527885570246575,3.0,0.0,0.0
0.0,1.1,289.1433843944709,23.246605000371186,1.1740146383414871,7.282182775492945,0.0,1.836337699565859,2.4543585002260295,-0.8527885570246575,3.0,0.0,0.0
0.0,1.1,289.1433843944709,23.246605000371186,1.1740146383414871,7.282182775492945,0.0,1.836337699565859,2.4543585002260295,-0.8527885570246575,3.0,0.0,0.0
0.0,3.0,295.84529621425116,20.518278397044615,-8.55828002534811,20.518278397044615,0.0,2.4865749829899686,1.763390523352326,-1.6081398772026099,3.0,0.0,0.0
0.0,2.9,295.84529621425116,20.518278397044615,-8.55828002534811,23.050977442896627,0.0,2.4865749829899686,1.763390523352326,-1.6081398772026099,2.4865749829899686,0.0,0.0
0.0,2.9,295.84529621425116,20.518278397044615,-8.55828002534811,23.050977442896627,0.0,2.4865749829899686,1.763390523352326,-1.6081398772026099,2.4865749829899686,0.0,0.0
0.0,3.0,301.67442734973764,18.530225632246918,-2.4028420855234405,18.239339385564985,0.0,2.9339768235591133,1.1956538083831558,-1.0415453308791909,1.5,0.0,0.0
0.0,3.0,301.67442734973764,18.530225632246918,-2.4028420855234405,18.239339385564985,0.0,2.9339768235591133,1.1956538083831558,-1.0415453308791909,1.5,0.0,0.0
0.0,3.0,301.67442734973764,18.530225632246918,-2.4028420855234405,18.239339385564985,0.0,2.9339768235591133,1.1956538083831558,-1.0415453308791909,1.5,0.0,0.0
0.0,3.0,307.138414532804,17.93819019055765,-0.7830750191412604,11.852941277231572,0.0,3.2274704216313617,0.7109298047688544,-1.0228072710952945,1.5,0.0,0.0
0.0,2.9,307.138414532804,17.93819019055765,-0.7830750191412604,20.741897235155253,0.0,3.2274704216313617,0.7109298047688544,-1.0228072710952945,0.75,0.0,0.0
0.0,2.9,307.138414532804,17.93819019055765,-0.7830750191412604,20.741897235155253,0.0,3.2274704216313617,0.7109298047688544,-1.0228072710952945,0.75,0.0,0.0
0.0,2.6,312.49784074768695,17.833162581100083,0.026909214811312494,22.997333977800412,0.0,3.3723543061909083,0.19463463048608534,-1.1168896880399237,0.0,0.0,0.0
0.0,2.9,312.49784074768695,17.833162581100083,0.026909214811312494,22.997333977800412,0.0,3.3723543061909083,0.19463463048608534,-1.1168896880399237,-0.75,0.0,0.0
0.0,2.9,312.49784074768695,17.833162581100083,0.026909214811312494,22.997333977800412,0.0,3.3723543061909083,0.19463463048608534,-1.1168896880399237,-0.75,0.0,0.0
0.0,2.1,317.864561723888,17.99401130070085,0.5037950120118108,23.821009486101755,0.0,3.352424278668611,-0.402802015260049,-1.3143107565028953,0.0,0.0,0.0
0.0,2.6,317.864561723888,17.99401130070085,0.5037950120118108,20.843508300339035,0.0,3.352424278668611,-0.402802015260049,-1.3143107565028953,-0.75,0.0,0.0
0.0,2.6,317.864561723888,17.99401130070085,0.5037950120118108,20.843508300339035,0.0,3.352424278668611,-0.402802015260049,-1.3143107565028953,-0.75,0.0,0.0
0.0,1.6,323.29282351652796,18.217340444665876,0.481295450347464,23.986911662404502,0.0,3.146256519913417,-1.037715233732554,-1.3216806967605839,0.0,0.0,0.0
0.0,2.0,323.29282351652796,18.217340444665876,0.481295450347464,20.98867270460394,0.0,3.146256519913417,-1.037715233732554,-1.3216806967605839,-0.75,0.0,0.0
0.0,2.0,323.29282351652796,18.217340444665876,0.481295450347464,20.98867270460394,0.0,3.146256519913417,-1.037715233732554,-1.3216806967605839,-0.75,0.0,0.0
0.0,1.1,328.79289944775996,18.49001966831993,0.6425201062318743,18.49001966831993,0.0,2.7288245687886685,-1.850757891924753,-1.729015892389041,0.0,0.0,0.0
0.0,1.4,328.79289944775996,18.49001966831993,0.6425201062318743,18.49001966831993,0.0,2.7288245687886685,-1.850757891924753,-1.729015892389041,-0.75,0.0,0.0
0.0,1.4,328.79289944775996,18.49001966831993,0.6425201062318743,18.49001966831993,0.0,2.7288245687886685,-1.850757891924753,-1.729015892389041,-0.75,0.0,0.0
0.0,3.0,334.3612216084129,18.60901701452513,0.09014950470088977,18.60901701452513,0.0,2.0069251818424063,-3.1071392544388914,-2.374110982865602,0.0,0.0,0.0
0.0,3.0,334.3612216084129,18.60901701452513,0.09014950470088977,18.60901701452513,0.0,2.0069251818424063,-3.1071392544388914,-2.374110982865602,0.0,0.0,0.0
0.0,3.0,334.3612216084129,18.60901701452513,0.09014950470088977,18.60901701452513,0.0,2.0069251818424063,-3.1071392544388914,-2.374110982865602,0.0,0.0,0.0
0.0,2.6,339.94746282709235,18.630923344167485,0.028397093980775924,18.630923344167485,0.0,1.028472430063421,-3.2378646022567703,0.5960456381684605,0.0,0.0,0.0
0.0,2.3,339.94746282709235,18.630923344167485,0.028397093980775924,18.630923344167485,0.0,1.028472430063421,-3.2378646022567703,0.5960456381684605,0.0,0.0,0.0
0.0,2.3,339.94746282709235,18.630923344167485,0.028397093980775924,18.630923344167485,0.0,1.028472430063421,-3.2378646022567703,0.5960456381684605,0.0,0.0,0.0
0.0,2.1,345.53780633178803,18.637365029002403,0.00751529897412341,18.637365029002403,0.0,0.13891314616191738,-2.543631001103354,1.7931410785833555,0.0,0.0,0.0
0.0,2.0,345.53780633178803,18.637365029002403,0.00751529897412341,18.637365029002403,0.0,0.13891314616191738,-2.543631001103354,1.7931410785833555,0.0,0.0,0.0
0.0,2.0,345.53780633178803,18.637365029002403,0.00751529897412341,18.637365029002403,0.0,0.13891314616191738,-2.543631001103354,1.7931410785833555,0.0,0.0,0.0
0.0,1.6,351.129290195872,18.638993970055022,0.0017567011352016466,18.638993970055022,0.0,-0.4947457327201551,-1.5598154178561097,2.115179567072386,0.0,0.0,0.0
0.0,1.7,351.129290195872,18.638993970055022,0.0017567011352016466,18.638993970055022,0.0,-0.4947457327201551,-1.5598154178561097,2.115179567072386,0.0,0.0,0.0
0.0,1.7,351.129290195872,18.638993970055022,0.0017567011352016466,18.638993970055022,0.0,-0.4947457327201551,-1.5598154178561097,2.115179567072386,0.0,0.0,0.0
0.0,2.1,356.7210500689812,18.639351388832758,0.0003403988358680244,18.639351388832758,0.0,-0.8208043579911555,-0.5121824040521352,2.0898133234002576,0.0,0.0,0.0
0.0,2.0,356.7210500689812,18.639351388832758,0.0003403988358680244,18.639351388832758,0.0,-0.8208043579911555,-0.5121824040521352,2.0898133234002576,0.0,0.0,0.0
0.0,2.0,356.7210500689812,18.639351388832758,0.0003403988358680244,18.639351388832758,0.0,-0.8208043579911555,-0.5121824040521352,2.0898133234002576,0.0,0.0,0.0
0.0,1.6,362.312867912316,18.639425170280425,7.956822787925107e-05,18.639425170280425,0.0,-0.8780345659078519,0.1270775664054046,1.012427165178826,0.0,0.0,0.0
0.0,1.7,362.312867912316,18.639425170280425,7.956822787925107e-05,18.639425170280425,0.0,-0.8780345659078519,0.1270775664054046,1.012427165178826,0.0,0.0,0.0
0.0,1.7,362.312867912316,18.639425170280425,7.956822787925107e-05,18.639425170280425,0.0,-0.8780345659078519,0.1270775664054046,1.012427165178826,0.0,0.0,0.0
0.0,1.6,367.90469825723613,18.6394413592486,1.541806490931089e-05,18.6394413592486,0.0,-0.7836417280157857,0.5187097180795144,0.6772342129071242,0.0,0.0,0.0
0.0,1.7,367.90469825723613,18.6394413592486,1.541806490931089e-05,18.6394413592486,0.0,-0.7836417280157857,0.5187097180795144,0.6772342129071242,0.0,0.0,0.0
0.0,1.7,367.90469825723613,18.6394413592486,1.541806490931089e-05,18.6394413592486,0.0,-0.7836417280157857,0.5187097180795144,0.6772342129071242,0.0,0.0,0.0
0.0,1.6,373.496531206377,18.63944449621135,2.987583475632335e-06,18.63944449621135,0.0,-0.6012244863311894,0.6806939137986305,0.17355357606456706,0.0,0.0,0.0
0.0,1.4,373.496531206377,18.63944449621135,2.987583475632335e-06,18.63944449621135,0.0,-0.6012244863311894,0.6806939137986305,0.17355357606456706,0.0,0.0,0.0
0.0,1.4,373.496531206377,18.63944449621135,2.987583475632335e-06,18.63944449621135,0.0,-0.6012244863311894,0.6806939137986305,0.17355357606456706,0.0,0.0,0.0
0.0,2.1,228.59798624058476,17.99875359847237,-9.324003720808935e-05,23.75,0.0,-0.06000251416121618,-0.21172927545502893,-0.0003301144536125559,0.0,0.0,0.0
0.0,2.6,234.02504860247547,18.26674894384619,0.8508213437848271,24.017370609484576,0.0,-0.11703499155641615,-0.15098789224074416,0.17559266609657836,0.0,0.0,0.0
0.0,2.6,239.56446414021843,18.72773927780387,1.075923705526114,24.477863586514772,0.0,-0.15116134925673938,-0.06833456529944124,0.17019904728415758,0.0,0.0,0.0
0.0,2.6,245.2506285095027,19.239769351798355,1.135423529832642,24.98977124698103,0.0,-0.16214692052346058,-0.000580576364487233,0.12870894006447547,0.0,0.0,0.0
0.0,3.0,251.09263593463047,19.765290845749735,1.1511520652083485,19.765290845749735,0.0,-0.15556702575556078,0.04644236264195848,0.08457966883830391,0.0,0.0,0.0
0.0,2.6,257.08445629276184,20.21060119980563,0.8798059460692943,20.21060119980563,0.0,-0.13509382373605838,0.0954991851259046,0.09791732047983509,0.0,0.0,0.0
0.0,2.1,263.181400507372,20.41714735903818,0.2544409207937094,26.166391095479366,0.0,-0.10361286700196887,0.10965041397521354,0.001663915829743417,3.0,0.0,0.0
0.0,1.6,269.35173023952757,20.82156398560903,1.159018429829909,26.587558928717204,0.0,0.008318565326882198,0.8332735918290247,1.983130654427711,3.0,0.0,0.0
0.0,2.1,275.6880114157015,21.53269420633304,1.703346056078624,20.520396238021608,0.0,0.39565989751330954,1.8411156992008633,1.9333061555433062,3.0,0.0,0.0
0.0,2.1,282.276005632216,22.536247674872648,2.341477405797769,21.325608280953087,0.0,1.0589541879813793,2.5890983366447005,1.0792889969130912,3.0,0.0,0.0
0.0,1.1,289.1433843944709,23.246605000371186,1.1740146383414871,7.282182775492945,0.0,1.836337699565859,2.4543585002260295,-0.8527885570246575,3.0,0.0,0.0
0.0,3.0,295.84529621425116,20.518278397044615,-8.55828002534811,20.518278397044615,0.0,2.4865749829899686,1.763390523352326,-1.6081398772026099,3.0,0.0,0.0
0.0,3.0,301.67442734973764,18.530225632246918,-2.4028420855234405,18.239339385564985,0.0,2.9339768235591133,1.1956538083831558,-1.0415453308791909,1.5,0.0,0.0
0.0,3.0,307.138414532804,17.93819019055765,-0.7830750191412604,11.852941277231572,0.0,3.2274704216313617,0.7109298047688544,-1.0228072710952945,1.5,0.0,0.0
0.0,2.6,312.49784074768695,17.833162581100083,0.026909214811312494,22.997333977800412,0.0,3.3723543061909083,0.19463463048608534,-1.1168896880399237,0.0,0.0,0.0
0.0,2.1,317.864561723888,17.99401130070085,0.5037950120118108,23.821009486101755,0.0,3.352424278668611,-0.402802015260049,-1.3143107565028953,0.0,0.0,0.0
0.0,1.6,323.29282351652796,18.217340444665876,0.481295450347464,23.986911662404502,0.0,3.146256519913417,-1.037715233732554,-1.3216806967605839,0.0,0.0,0.0
0.0,1.1,328.79289944775996,18.49001966831993,0.6425201062318743,18.49001966831993,0.0,2.7288245687886685,-1.850757891924753,-1.729015892389041,0.0,0.0,0.0
0.0,3.0,334.3612216084129,18.60901701452513,0.09014950470088977,18.60901701452513,0.0,2.0069251818424063,-3.1071392544388914,-2.374110982865602,0.0,0.0,0.0
