0.0,2.6,139.04128475628792,4.424632392863847,-4.0550148110014524e-05,10.1746308,0.0,-0.00046014027415418204,0.0021060701298164495,0.020136466485240527,-0.00046014027415418204,0.0,0.0
0.0,3.0,140.41646358562278,4.8860499962860535,1.4282149941019215,10.636046754195446,0.0,0.0005554151260695712,0.0032971324703947496,-0.003695832076631141,0.0,0.0,0.0
0.0,1.6,141.96407515039425,5.4841778993006285,1.2422821348214967,8.425881260129966,0.0,0.0013193082519245604,0.001656742268211795,-0.003248643848160503,0.0,0.0,0.0
0.0,1.6,143.68991342326328,6.093968704515647,1.346722247636808,8.88326647294288,0.0,0.0015931037513905533,1.117916764406801e-05,-0.003228293050924193,0.0,0.0,0.0
0.0,1.6,145.59845017017207,6.687307484727681,1.2503398889988924,9.328291311940065,0.0,0.0014402992306350613,-0.001026658328852704,-0.0015960808259377535,0.0,0.0,0.0
0.0,1.6,147.67087268339952,7.15844929722163,0.9212368821617797,9.681613729067175,0.0,0.0010827536654787185,-0.0012887785638110618,-0.00011574272422522415,0.0,0.0,0.0
0.0,2.1,149.870263054839,7.535302527579711,0.7721119264630484,9.9642302497814,0.0,0.000706329318278378,-0.001176997197189514,0.0003805217445023539,0.0,0.0,0.0
0.0,3.0,152.177461040011,7.881281031179481,0.7386925393574657,7.881281031179481,0.0,0.0003847929801497251,-0.0009289266697107415,0.0005689843740900513,0.0,0.0,0.0
0.0,1.6,154.57505599387977,8.102142639085216,0.3639193810748088,6.926576908745355,0.0,0.000142119621653608,-0.0006627311732344081,0.0005479321730067907,0.0,0.0,0.0
0.0,1.1,156.96114155050842,7.6666537274958895,-1.2024470855591647,6.70882789370018,0.0,1.201088180924257e-05,-0.0001644526576213567,0.0007599224449171629,0.0,0.0,0.0
0.0,3.0,159.1864891554934,7.122910984180342,-1.0620834250138107,6.436955183105344,0.0,-8.09872162537106e-06,6.502199787233835e-06,0.00014954162670554374,-8.09872162537106e-06,0.0,0.0
0.0,1.6,161.27562401868013,6.8054700868932905,-0.522888547552572,3.139617526252509,0.0,-2.2290192095598395e-06,2.4779887613568387e-05,-4.007075908112074e-06,0.0,0.0,0.0
0.0,3.0,163.15652626191886,5.433327165506457,-3.266954632356958,5.433327165506457,0.0,1.1860650570088654e-06,-3.8003831277837197e-06,-3.0473975028446624e-05,0.0,0.0,0.0
0.0,1.1,164.66051561611658,4.660457189843716,-0.9615907091924437,2.603531642918801,0.0,-0.008560904273340785,-0.08100888217906856,-0.2400026884698333,0.0,0.0,0.0
0.0,1.1,166.02093437750167,4.426790647509976,-0.3029010733956242,2.5459929320946344,0.0,-0.04795254642034695,-0.1929451110207843,-0.23389174893724374,-0.04795254642034695,0.0,0.0
0.0,3.0,167.33709027715074,4.35318568667484,-0.09541383811962262,7.585727104784157,0.0,-0.1190415897585541,-0.28772658816698976,-0.18475008614717411,-1.5,0.0,0.0
0.0,3.0,168.64566611839456,4.392511283718869,0.17087336862215316,5.082686782392241,0.0,-0.21872686660803808,-0.39023979766590416,-0.2268943154126689,-1.5,0.0,0.0
0.0,3.0,169.97493901156568,4.481358426256913,0.20594090599658005,5.134304460898918,0.0,-0.3502269095213814,-0.4972835607035596,-0.22252837564512287,-1.5,0.0,0.0
0.0,2.6,171.33213546767922,4.577684555384062,0.2136365285067017,5.189751239609619,0.0,-0.513031699682548,-0.5971270851684696,-0.20220927011035686,-1.5,0.0,0.0
0.0,3.0,172.71770261717515,4.667736098969525,0.18988150805990947,7.855606664171371,0.0,-0.6936028250234817,-0.5841536577391101,0.12453654478472391,-0.6936028250234817,0.0,0.0
0.0,3.0,174.13529594231716,4.810567701467184,0.371757082263126,10.633294453574026,0.0,-0.8555110629290756,-0.4729667479350485,0.28538302733455945,0.0,0.0,0.0
0.0,3.0,175.6082181955526,5.049941021516136,0.5961488886024973,8.1880623820279,0.0,-0.9732950741241018,-0.2809507662897806,0.45668440036391333,0.0,0.0,0.0
0.0,1.1,177.15481558804035,5.275672599540895,0.4477178223558418,2.8078634808733796,0.0,-1.0298592488995055,-0.07688099375908305,0.42167105666931237,-1.0298592488995055,0.0,0.0
0.0,3.0,178.5588926410407,3.7648370425366067,-2.976181534738419,7.3071257180848415,0.0,-1.0313738050720935,0.02622006472198057,-0.08815184328269386,0.0,0.0,0.0
0.0,3.0,179.5838360558269,3.161809012510524,-0.5511912026432626,4.578678890668784,0.0,-1.022262439918457,0.04927576981861262,0.10383018524924671,0.0,0.0,0.0
0.0,2.6,180.5169338638092,3.0885419068566735,0.021393060201611174,3.0885419068566735,0.0,-1.0003761300885223,0.10313535112579987,0.11718596417070182,0.0,0.0,0.0
0.0,2.1,181.44582160857183,3.1083340214881523,0.05360616270794734,2.2947197681867797,0.0,-0.9581805199505868,0.19441180263763916,0.22159455611697063,0.0,0.0,0.0
0.0,2.1,182.37180284259088,3.03782338489545,-0.24370512274567024,2.2849764214246244,0.0,-0.8756587114242871,0.38690792851846423,0.4270479174459533,0.0,0.0,0.0
0.0,1.6,183.25437784346,2.793894229965722,-0.6430098040376332,2.219491084059314,0.0,-0.7482138919526913,0.4377338537399873,-0.03570303592320687,-0.7482138919526913,0.0,0.0
0.0,1.6,184.04857966820438,2.4584344133415996,-0.7450067852386175,8.480820629799968,0.0,-0.6265561183685933,0.3520868113600588,-0.23127886582400228,-0.6265561183685933,0.0,0.0
0.0,1.1,185.16575345193712,5.913752012677891,8.871108618727757,9.12395004562825,0.0,-0.4698489234238447,0.6315484987641544,-0.41119865597206656,-0.4698489234238447,0.0,0.0
0.0,1.1,187.2811008865355,8.005295960788313,2.6028717374640014,14.064106724170694,0.0,-0.3168705040433635,0.3427132838531162,-0.6645653852962371,-0.3168705040433635,0.0,0.0
0.0,3.0,189.8927966237949,9.661394778560163,3.855294111594371,15.603979921078569,0.0,-0.28869610385820543,-0.22388973781985436,-1.059707671660407,-0.28869610385820543,0.0,0.0
0.0,1.6,192.96196780754786,10.789879092681069,1.8289735180144864,16.684749654357006,0.0,-0.39378835072427537,-0.44663845818694725,-0.22877397219994572,-0.39378835072427537,0.0,0.0
0.0,3.0,196.2994786115579,11.514695314486158,1.4595105633429737,8.742756300168637,0.0,-0.5403063936706088,-0.5325638401570638,-0.1400218038530477,-0.5403063936706088,0.0,0.0
0.0,3.0,199.80705564895388,11.828864534890942,0.32688461570954047,8.872194341498165,0.0,-0.6992547286505026,-0.5057571839760128,0.1435721152267268,-0.6992547286505026,0.0,0.0
0.0,3.0,203.36256870977584,11.849341360648015,-0.08870279155657798,8.841455098538919,0.0,-0.838426608131926,-0.40412124576210595,0.2513754513280882,0.0,0.0,0.0
0.0,3.0,206.9072577444504,11.762321036200913,-0.24032973892392562,8.79541075018879,0.0,-0.9438649592536154,-0.2857768793671337,0.25613736617211624,0.0,0.0,0.0
0.0,2.1,210.41974715408557,11.637036865818226,-0.2925464916146139,8.724644921279104,0.0,-1.0133763140777128,-0.16405011589656934,0.2641143178376374,0.0,0.0,0.0
0.0,3.0,213.8830170297064,11.405839320059462,-0.602169761752955,4.289975803379081,0.0,-1.0351462221317196,0.05965837672069738,0.5415228375718937,0.0,0.0,0.0
0.0,3.0,217.25371260106903,10.991355189550562,-1.0421778756178044,4.187065436745275,0.0,-0.9846324245269094,0.29650380983025126,0.4664828466403848,0.0,0.0,0.0
0.0,3.0,220.47683261771834,10.412852532527475,-1.3536794936496708,4.04463444529259,0.0,-0.8663286395435448,0.5094809134038166,0.4088661180780934,0.0,0.0,0.0
0.0,3.0,223.51775280377936,9.793323253479391,-1.3430942908242847,3.891370268014737,0.0,-0.6958697791789883,0.620933617568811,0.14577092450088022,0.0,0.0,0.0
0.0,2.6,226.3761118749158,9.204413922076244,-1.2514467989502893,3.745920294478699,0.0,-0.5074439858118808,0.621232019887616,-0.06704434510940083,0.0,0.0,0.0
0.0,3.0,229.05159505577794,8.545116013252922,-1.4959694369933938,3.5810439398884744,0.0,-0.3281203836698009,0.5613987101335569,-0.16173913362664147,0.0,0.0,0.0
0.0,3.0,231.5357669504865,7.980047259327715,-1.1078116399281601,3.436721162686869,0.0,-0.17388373953492353,0.4484996783158127,-0.26523666138450236,0.0,0.0,0.0
0.0,3.0,233.8672154372888,7.524672026002362,-0.9366120868157665,3.321074210229452,0.0,-0.05677218185278281,0.31835866356409287,-0.272414747026567,0.0,0.0,0.0
0.0,3.0,236.07448052401446,7.1660418268572394,-0.7121732965232025,3.230538325425111,0.0,0.023681916279706536,0.21102828624472583,-0.206391903819424,0.0,0.0,0.0
0.0,3.0,238.18385244832356,6.870698141673887,-0.6134819168894321,3.1562027198093423,0.0,0.07517840133810032,0.12599574531605012,-0.16646743818495682,0.0,0.0,0.0
0.0,2.6,139.04128475628792,4.424632392863847,-4.0550148110014524e-05,10.1746308,0.0,-0.00046014027415418204,0.0021060701298164495,0.020136466485240527,-0.00046014027415418204,0.0,0.0
0.0,3.0,140.40682013504912,4.793789478496304,1.1485065211175483,10.54378629937689,0.0,0.0006047265546696599,0.003726224349977623,-0.002670450092030441,0.0,0.0,0.0
0.0,3.0,141.92303786701996,5.392826171873032,1.3592276328641482,11.14282244716609,0.0,0.001467439006330269,0.0017095475736063211,-0.004527368566505301,0.0,0.0,0.0
0.0,1.6,143.61771171735992,5.952142820812225,1.1510470539542266,8.776898219434788,0.0,0.0017599670610667834,0.00021768727666455841,-0.0025016496564163825,0.0,0.0,0.0
0.0,1.6,145.4636640106118,6.380436451901931,0.8378300373294846,9.098146948430244,0.0,0.0017203217638737552,-0.0004538130247017867,-0.0009699265291093134,0.0,0.0,0.0
0.0,1.6,147.42272544911228,6.702578397301815,0.644967610672787,9.339723932423249,0.0,0.001544753788734598,-0.0007020831503128161,-0.00033960144364365407,0.0,0.0,0.0
0.0,1.6,149.47860914349988,7.051195039954542,0.8013052187285701,9.601155258569802,0.0,0.001292293530349946,-0.0010361456896329497,-0.000731288175889177,0.0,0.0,0.0
0.0,2.1,151.64382456474104,7.4244330992218375,0.8092392517168385,9.881072904008,0.0,0.0009548424922741738,-0.0011872755633437172,-0.00010580714907953124,0.0,0.0,0.0
0.0,1.1,153.91603542972172,7.749076575172229,0.658992037754167,7.749076575172229,0.0,0.0006093343082085733,-0.00107280478342384,0.0003815271374776912,0.0,0.0,0.0
0.0,1.1,156.26073239647556,7.853643906782807,0.04356972150439584,6.80234669672904,0.0,0.00031228436211791104,-0.0008783797213911291,0.0004764379902275757,0.0,0.0,0.0
0.0,1.1,158.59788637846682,7.668622646932085,-0.5658150681790832,6.709816859668896,0.0,9.596819600141974e-05,-0.0005106733272598321,0.0007811169659006931,0.0,0.0,0.0
0.0,1.6,160.8472799100445,7.252582392429521,-1.030425912320544,3.251395598807153,0.0,-1.5733584133809553e-05,-0.00022435928404098638,0.0004910515881760165,0.0,0.0,0.0
0.0,1.1,162.94603428587294,6.655293678472156,-1.3534106357038063,3.102073519994085,0.0,-5.430879115973498e-05,-2.620602167261108e-05,0.0003189850651400774,0.0,0.0,0.0
0.0,1.1,164.83312572101804,5.791827994947895,-2.0115842599896188,2.886206932139479,0.0,-4.728406687681312e-05,6.841895072168579e-05,0.00011698419026163193,0.0,0.0,0.0
0.0,1.1,166.4537082905996,4.942156684675739,-1.7047833058611324,2.6737891938080525,0.0,-2.4807301949371144e-05,7.219197367410434e-05,-3.4065144598330305e-05,-2.4807301949371144e-05,0.0,0.0
0.0,3.0,167.86682904808214,4.501799100320515,-0.6208843018029884,5.126655463882866,0.0,-0.006425187558480209,-0.06069279970753516,-0.1800311314302051,-1.5,0.0,0.0
0.0,3.0,169.19844746159424,4.404299781409297,-0.024014234409965512,5.080537763205258,0.0,-0.04237167910440082,-0.20540945966217677,-0.35545039786064947,-1.5,0.0,0.0
0.0,3.0,170.5243418865767,4.452955750280395,0.16758653419461472,5.110634633825217,0.0,-0.12490949130964178,-0.35754947444532825,-0.30538234387815055,-1.5,0.0,0.0
0.0,3.0,171.8686765782827,4.512094286828955,0.1119808577903349,5.150035168601449,0.0,-0.2547732249345096,-0.5318840913914639,-0.3903510750088362,-1.5,0.0,0.0
0.0,3.0,173.22861806319708,4.558165906151135,0.09582669773614294,10.366083603650324,0.0,-0.42984485597105393,-0.627950502188903,-0.1222377017982531,-0.42984485597105393,0.0,0.0
0.0,3.0,174.61268664166522,4.707795696618242,0.43629081202074244,10.534498304448384,0.0,-0.6123874710558695,-0.5563497232643942,0.2660756362422407,0.0,0.0,0.0
0.0,3.0,176.0587427975991,4.976498079172491,0.657339434992821,8.130526379042433,0.0,-0.7596335713317074,-0.4044469986260202,0.3422590555858365,0.0,0.0,0.0
0.0,2.1,177.58646534134311,5.224544354272112,0.490924469011031,2.7941067080996542,0.0,-0.8568916258219748,-0.2200751401730436,0.41051817900540516,-0.8568916258219748,0.0,0.0
0.0,3.0,179.17411876674822,5.353993733975764,0.18728142331191863,5.353993733975764,0.0,-0.9050791477452637,-0.10369874690185887,0.18010775744087326,0.0,0.0,0.0
0.0,2.6,139.04128475628792,4.424632392863847,-4.0550148110014524e-05,10.1746308,0.0,-0.00046014027415418204,0.0021060701298164495,0.020136466485240527,-0.00046014027415418204,0.0,0.0
0.0,3.0,140.40682013504912,4.793789478496304,1.1485065211175483,10.54378629937689,0.0,0.0006047265546696599,0.003726224349977623,-0.002670450092030441,0.0,0.0,0.0
0.0,3.0,141.92303786701996,5.392826171873032,1.3592276328641482,11.14282244716609,0.0,0.001467439006330269,0.0017095475736063211,-0.004527368566505301,0.0,0.0,0.0
0.0,1.6,143.61771171735992,5.952142820812225,1.1510470539542266,8.776898219434788,0.0,0.0017599670610667834,0.00021768727666455841,-0.0025016496564163825,0.0,0.0,0.0
0.0,2.6,139.04128475628792,4.424632392863847,-4.0550148110014524e-05,10.1746308,0.0,-0.00046014027415418204,0.0021060701298164495,0.020136466485240527,-0.00046014027415418204,0.0,0.0
0.0,2.6,139.04128475628792,4.424632392863847,-4.0550148110014524e-05,10.1746308,0.0,-0.00046014027415418204,0.0021060701298164495,0.020136466485240527,-0.00046014027415418204,0.0,0.0
0.0,2.6,139.04128475628792,4.424632392863847,-4.0550148110014524e-05,10.1746308,0.0,-0.00046014027415418204,0.0021060701298164495,0.020136466485240527,-0.00046014027415418204,0.0,0.0
0.0,3.0,140.41646358562278,4.8860499962860535,1.4282149941019215,10.636046754195446,0.0,0.0005554151260695712,0.0032971324703947496,-0.003695832076631141,0.0,0.0,0.0
0.0,1.6,141.96407515039425,5.4841778993006285,1.2422821348214967,8.425881260129966,0.0,0.0013193082519245604,0.001656742268211795,-0.003248643848160503,0.0,0.0,0.0
0.0,2.6,139.04128475628792,4.424632392863847,-4.0550148110014524e-05,10.1746308,0.0,-0.00046014027415418204,0.0021060701298164495,0.020136466485240527,-0.00046014027415418204,0.0,0.0
0.0,2.6,139.04128475628792,4.424632392863847,-4.0550148110014524e-05,10.1746308,0.0,-0.00046014027415418204,0.0021060701298164495,0.020136466485240527,-0.00046014027415418204,0.0,0.0
0.0,3.0,140.41646358562278,4.8860499962860535,1.4282149941019215,10.636046754195446,0.0,0.0005554151260695712,0.0032971324703947496,-0.003695832076631141,0.0,0.0,0.0
0.0,1.6,141.96407515039425,5.4841778993006285,1.2422821348214967,8.425881260129966,0.0,0.0013193082519245604,0.001656742268211795,-0.003248643848160503,0.0,0.0,0.0
0.0,1.6,143.68991342326328,6.093968704515647,1.346722247636808,8.88326647294288,0.0,0.0015931037513905533,1.117916764406801e-05,-0.003228293050924193,0.0,0.0,0.0
0.0,1.6,145.59845017017207,6.687307484727681,1.2503398889988924,9.328291311940065,0.0,0.0014402992306350613,-0.001026658328852704,-0.0015960808259377535,0.0,0.0,0.0
0.0,1.6,147.67087268339952,7.15844929722163,0.9212368821617797,9.681613729067175,0.0,0.0010827536654787185,-0.0012887785638110618,-0.00011574272422522415,0.0,0.0,0.0
0.0,2.1,149.870263054839,7.535302527579711,0.7721119264630484,9.9642302497814,0.0,0.000706329318278378,-0.001176997197189514,0.0003805217445023539,0.0,0.0,0.0
0.0,3.0,152.177461040011,7.881281031179481,0.7386925393574657,7.881281031179481,0.0,0.0003847929801497251,-0.0009289266697107415,0.0005689843740900513,0.0,0.0,0.0
0.0,1.6,154.57505599387977,8.102142639085216,0.3639193810748088,6.926576908745355,0.0,0.000142119621653608,-0.0006627311732344081,0.0005479321730067907,0.0,0.0,0.0
0.0,1.1,156.96114155050842,7.6666537274958895,-1.2024470855591647,6.70882789370018,0.0,1.201088180924257e-05,-0.0001644526576213567,0.0007599224449171629,0.0,0.0,0.0
0.0,3.0,159.1864891554934,7.122910984180342,-1.0620834250138107,6.436955183105344,0.0,-8.09872162537106e-06,6.502199787233835e-06,0.00014954162670554374,-8.09872162537106e-06,0.0,0.0
0.0,1.6,161.27562401868013,6.8054700868932905,-0.522888547552572,3.139617526252509,0.0,-2.2290192095598395e-06,2.4779887613568387e-05,-4.007075908112074e-06,0.0,0.0,0.0
0.0,3.0,163.15652626191886,5.433327165506457,-3.266954632356958,5.433327165506457,0.0,1.1860650570088654e-06,-3.8003831277837197e-06,-3.0473975028446624e-05,0.0,0.0,0.0
0.0,1.1,164.66051561611658,4.660457189843716,-0.9615907091924437,2.603531642918801,0.0,-0.008560904273340785,-0.08100888217906856,-0.2400026884698333,0.0,0.0,0.0
